木杖 mzhang 男、女 0 100 4000 18 -3 0 0 1
长木杖 cmzhang 男、女 0 450 4500 32 -4 0 0 1
寒铁杖 htzhang 男、女 10 900 9000 48 -6 0 0 1
精钢杖 jgzhang 男、女 15 1200 10000 59 -8 0 0 1
青竹杖 qzzhang 男、女 20 3000 13000 72 -10 0 0 1
碧玉杖 byzhang 男、女 25 4500 13500 81 -12 0 0 1
檀紫杖 tzzhang 男、女 30 7000 14000 92 -14 0 0 1
紫金杖 zjzhang 男、女 35 8500 14500 102 -16 0 0 1
驱魔杖 qmzhang 男、女 40 12000 15000 110 -18 0 0 1
噬血杖 dxzhang 男、女 45 14000 16000 120 -20 0 0 1
狼牙杖 lyzhang 男、女 50 17000 17000 132 -22 0 0 1
皓齿杖 hczhang 男、女 55 19000 18000 144 -24 0 0 1
玄纹杖 xwzhang 男、女 60 22000 19000 154 -26 0 0 1
黑虎杖 hhzhang 男、女 65 24000 20000 166 -28 0 0 1
玄金杖 xjzhang 男、女 70 27000 21000 178 -30 0 0 1
青纹杖 qwzhang 男、女 80 32000 22000 187 -34 0 0 1
伏魔杖 fmzhang 男、女 90 37000 23000 226 -38 0 0 1
冥光引魂杖 mgyhzhang 男、女 100 42000 24000 239 -42 0 0 1
震天杖 ztzhang 男、女 110 47000 25000 267 -46 0 0 1
盘龙杖 plzhang 男、女 120 52000 26000 289 -50 0 0 1