竹矛 zmao 男、女 0 100 3800 11 0 0 -3 1
长矛 cmao 男、女 0 450 4500 26 0 0 -4 1
铁矛 tmao 男、女 10 900 6000 44 0 0 -6 1
钢矛 gmao 男、女 15 1200 6500 54 0 0 -8 1
黑铁矛 htmao 男、女 20 3000 8000 64 0 0 -10 1
寒钢戟 hgji 男、女 25 4500 8500 75 0 0 -12 1
墨青戟 mqji 男、女 30 7000 13500 85 0 0 -14 1
刺青枪 cqqiang 男、女 35 8500 14000 95 0 0 -16 1
重翎枪 zlqiang 男、女 40 12000 14500 105 0 0 -18 1
寒光枪 hgqiang 男、女 45 14000 15500 116 0 0 -20 1
玄墨矛 xmmao 男、女 50 17000 16000 126 0 0 -22 1
乌金枪 wjqiang 男、女 55 19000 16500 136 0 0 -24 1
锯齿枪 jcqiang 男、女 60 22000 17500 147 0 0 -26 1
丈八蛇矛 zbsmao 男、女 65 24000 18000 157 0 0 -28 1
赤炎枪 cyqiang 男、女 70 27000 18500 167 0 0 -30 1
锁喉枪 shqiang 男、女 80 32000 20000 187 0 0 -34 1
金环枪 jhqiang 男、女 90 37000 21500 207 0 0 -38 1
神龙噬火 slshih 男、女 100 42000 23000 229 0 0 -42 1
冥光寒戟 mghji 男、女 110 47000 24500 249 0 0 -46 1
开天 kt 男、女 120 52000 26000 269 0 0 -50 1
