[33m█[0m,╦,╗,╔,║,╠,旅,館,防,武,市,場,道,具,酒,吧,銀,行,郵,局,[1;46mΥ[0m,[1;46m．[0m,[1;36m╭[0m,[1;36m╮[0m,[1;36m╰[0m,[1;36m╯[0m,[1;36m─[0m,[1;36m│[0m,○,＊,＊,＊,＊,＊,＊,＊,＊,＊,　,　,[32m林[0m,　,　,[32m林[0m,[32m林[0m,　,　,＊,＊,＊,
牆,欄,欄,欄,欄,欄,旅,館,防,武,市,場,道,具,酒,吧,銀,行,郵,局,噴水池,噴水池,水池邊,水池邊,水池邊,水池邊,水池邊,水池邊,水井,梅龍鎮大門,門庭,民宅門口,郵局大門,銀行大門,酒吧入口,商店入口,瞭望塔,警衛室,巷道,黃梅公園,黃梅公園,龍泉廣場,庭院,庭院,後院,小廣場,梅龍鎮,診所入口,倉庫,旅館大門
0,0,0,0,0,0,0,0,0,0,0,0,0,0,0,0,0,0,0,29,29,0,0,0,0,0,0,0,0,0,0,0,0,0,0,0,0,0,0,0
0,38,38,38,38,38,38,38,38,38,38,38,38,38,38,38,38,0,37,46,46,0,0,0,38,38,38,38,38,38,38,38,38,38,38,38,38,38,38,0
0,38,0,0,38,0,0,0,38,0,0,38,0,0,0,38,38,0,0,41,41,0,36,0,41,41,38,38,38,38,0,0,0,0,38,0,47,0,38,0
0,38,0,31,38,0,31,0,38,31,0,38,0,0,0,0,41,41,41,41,41,41,41,41,41,0,0,0,38,38,0,0,0,0,38,0,0,0,38,0
0,38,0,0,45,45,45,45,45,0,0,38,0,9,0,35,41,22,26,26,26,26,23,41,0,0,6,0,38,38,48,0,0,0,38,38,38,38,38,0
0,38,38,38,45,45,28,45,45,38,38,38,0,0,0,0,41,27,21,20,20,21,27,41,49,0,0,0,38,38,0,0,0,0,38,0,0,0,38,0
0,38,0,0,45,45,45,45,45,0,0,38,0,8,0,35,41,27,21,20,20,21,27,41,0,0,7,0,38,38,0,0,0,0,38,0,18,0,38,0
0,38,0,31,38,0,31,0,38,31,0,38,0,0,0,0,41,27,21,21,21,21,27,41,41,0,0,0,38,38,0,0,0,0,38,32,0,0,38,0
0,38,0,0,38,0,0,0,38,0,0,38,0,0,0,41,41,24,26,26,26,26,25,41,41,41,41,41,41,41,0,0,0,0,38,0,19,0,38,0
0,38,38,38,38,38,38,38,38,38,38,38,38,38,41,41,41,41,41,41,41,41,41,41,41,41,41,46,46,46,46,46,46,46,46,0,0,0,38,0
0,1,1,1,1,1,1,39,1,2,38,0,0,0,41,41,41,41,41,41,41,41,41,0,34,0,41,41,41,46,46,46,46,46,46,38,38,38,38,0
0,40,40,40,40,39,39,39,39,4,38,0,10,0,0,41,41,0,35,0,41,41,0,0,0,0,0,41,41,3,1,1,1,0,0,0,0,0,38,0
0,40,40,40,40,39,39,39,39,4,38,0,0,0,35,38,0,0,0,0,0,38,0,14,0,15,0,38,38,4,43,43,42,0,0,0,0,0,38,0
0,40,40,40,39,39,39,39,39,4,38,0,11,0,0,38,0,12,0,13,0,38,0,0,0,0,0,38,38,4,42,42,42,0,0,0,0,0,38,0
0,40,40,40,39,39,39,39,39,4,38,0,0,0,38,38,0,0,0,0,0,38,38,38,38,38,38,38,38,42,42,42,42,30,0,0,0,0,38,0
0,39,40,40,40,39,39,39,39,4,38,38,38,38,38,38,38,38,38,38,38,38,0,0,0,0,0,38,38,4,42,42,42,0,0,0,0,0,38,0
0,39,39,40,39,39,39,39,39,5,1,1,1,1,39,1,1,1,1,1,2,38,0,16,17,0,33,38,38,4,43,43,42,0,0,0,0,44,38,0
0,40,39,39,39,40,40,39,39,39,39,39,39,39,39,39,39,39,39,39,4,38,0,0,0,0,0,38,38,5,1,1,1,0,0,0,0,44,38,0
0,40,40,40,40,40,40,40,39,39,39,39,39,39,39,39,39,39,39,39,4,38,38,38,38,38,38,38,38,38,38,38,38,38,38,38,38,38,38,0
0,0,0,0,0,0,0,0,0,0,0,0,0,0,0,0,0,0,0,0,0,0,0,0,0,0,0,0,0,0,0,0,0,0,0,0,0,0,0,0
