320623197701010001
320623197701010002
320623197701010003
320623197701010004
320623197701010005
320623197701010006
320623197701010007
320623197701010008
320623197701010009
320623197701010010
320623197701010011
320623197701010012
320623197701010013
320623197701010014
320623197701010015
320623197701010016
320623197701010017
320623197701010018
320623197701010019
320623197701010020
320623197701010021
320623197701010022
320623197701010023
320623197701010024
320623197701010025
320623197701010026
320623197701010027
320623197701010028
320623197701010029
320623197701010030
320623197701010031
320623197701010032
320623197701010033
320623197701010034
320623197701010035
320623197701010036
320623197701010037
320623197701010038
320623197701010039
320623197701010040
320623197701010041
320623197701010042
320623197701010043
320623197701010044
320623197701010045
320623197701010046
320623197701010047
320623197701010048
320623197701010049
320623197701010050
320623197701010051
320623197701010052
320623197701010053
320623197701010054
320623197701010055
320623197701010056
320623197701010057
320623197701010058
320623197701010059
320623197701010060
320623197701010061
320623197701010062
320623197701010063
320623197701010064
320623197701010065
320623197701010066
320623197701010067
320623197701010068
320623197701010069
320623197701010070
320623197701010071
320623197701010072
320623197701010073
320623197701010074
320623197701010075
320623197701010076
320623197701010077
320623197701010078
320623197701010079
320623197701010080
320623197701010081
320623197701010082
320623197701010083
320623197701010084
320623197701010085
320623197701010086
320623197701010087
320623197701010088
320623197701010089
320623197701010090
320623197701010091
320623197701010092
320623197701010093
320623197701010094
320623197701010095
320623197701010096
320623197701010097
320623197701010098
320623197701010099
320623197701010100
320623197701010101
320623197701010102
320623197701010103
320623197701010104
320623197701010105
320623197701010106
320623197701010107
320623197701010108
320623197701010109
320623197701010110
320623197701010111
320623197701010112
320623197701010113
320623197701010114
320623197701010115
320623197701010116
320623197701010117
320623197701010118
320623197701010119
320623197701010120
320623197701010121
320623197701010122
320623197701010123
320623197701010124
320623197701010125
320623197701010126
320623197701010127
320623197701010128
320623197701010129
320623197701010130
320623197701010131
320623197701010132
320623197701010133
320623197701010134
320623197701010135
320623197701010136
320623197701010137
320623197701010138
320623197701010139
320623197701010140
320623197701010141
320623197701010142
320623197701010143
320623197701010144
320623197701010145
320623197701010146
320623197701010147
320623197701010148
320623197701010149
320623197701010150
320623197701010151
320623197701010152
320623197701010153
320623197701010154
320623197701010155
320623197701010156
320623197701010157
320623197701010158
320623197701010159
320623197701010160
320623197701010161
320623197701010162
320623197701010163
320623197701010164
320623197701010165
320623197701010166
320623197701010167
320623197701010168
320623197701010169
320623197701010170
320623197701010171
320623197701010172
320623197701010173
320623197701010174
320623197701010175
320623197701010176
320623197701010177
320623197701010178
320623197701010179
320623197701010180
320623197701010181
320623197701010182
320623197701010183
320623197701010184
320623197701010185
320623197701010186
320623197701010187
320623197701010188
320623197701010189
320623197701010190
320623197701010191
320623197701010192
320623197701010193
320623197701010194
320623197701010195
320623197701010196
320623197701010197
320623197701010198
320623197701010199
320623197701010200
