碎石子 ssz 男、女 10 1000 12000 30 -6 0 0 2
梅花针 mhz 男、女 15 1500 13000 39 -8 0 0 2
柳叶镖 lyb 男、女 20 2000 14000 48 -10 0 0 2
小飞刀 xfd 男、女 25 2500 15000 57 -12 0 0 2
飞蝗石 hfs 男、女 30 3000 16000 66 -14 0 0 2
五棱镖 wlb 男、女 35 4500 17000 75 -16 0 0 2
精钢镖 jgb 男、女 40 6000 18000 84 -18 0 0 2
飞龙镖 flb 男、女 45 7500 19000 93 -20 0 0 2
如意珠 ryz 男、女 50 9000 20000 102 -22 0 0 2
金钱镖 jqb 男、女 55 10500 21000 111 -24 0 0 2
袖箭 xjian 男、女 60 12000 22000 120 -26 0 0 2
蚊须针 wxzhen 男、女 65 13500 23000 129 -28 0 0 2
毒蒺藜 djl 男、女 70 15000 24000 138 -30 0 0 2
霹雳弹 pld 男、女 80 18000 26000 156 -34 0 0 2
透骨钉 tgd 男、女 90 21000 28000 174 -38 0 0 2
断魂沙 dhs 男、女 100 24000 30000 192 -42 0 0 2
搜魂针 shz 男、女 110 27000 32000 210 -46 0 0 2
透心刺 txc 男、女 120 30000 34000 228 -50 0 0 2
