九节鞭 jjbian 男、女 0 100 4500 17 0 0 0 1
铁链鞭 blbian 男、女 0 450 6000 35 0 0 0 2
白玉鞭 bybian 男、女 10 900 9000 45 0 0 0 1
玄冰鞭 xbbian 男、女 15 1200 10000 55 0 0 0 2
灭魂鞭 mhbian 男、女 20 3000 12500 65 0 0 0 2
幽冥鬼鞭 ymgbian 男、女 25 4500 13000 75 0 0 0 1
天狼鞭 tlbian 男、女 30 7000 13500 85 0 0 0 1
百兽鞭 bsbian 男、女 35 8500 14000 95 0 0 0 2
混天索 htsuo 男、女 45 14000 15500 115 0 0 0 1
金链鞭 jlbian 男、女 50 17000 16500 125 0 0 0 2
龙骨鞭 lgbian 男、女 55 19000 17500 135 0 0 0 1
吹雪鞭 cxbian 男、女 60 22000 18500 145 0 0 0 2
电闪雷鸣鞭 dslbbian 男、女 65 24000 19500 155 0 0 0 1
勾魂索鞭 ghsbian 男、女 70 27000 20500 175 0 0 0 2
阴符鞭 yfbian 男、女 80 32000 21500 195 0 0 0 1
九龙鞭 jlongb 男、女 90 37000 22500 215 0 0 0 2
撕天裂地鞭 stldbian 男、女 100 42000 23500 235 0 0 0 2
