长木棍 mgun 男、女 0 100 4000 13 -3 0 0 2
长木棍 cmgun 男、女 0 450 4500 28 -4 0 0 1
寒铁棍 htgun 男、女 10 900 9000 46 -6 0 0 1
精钢棍 jggun 男、女 15 1200 10000 56 -8 0 0 1
青竹棍 qzgun 男、女 20 3000 13000 66 -10 0 0 2
碧玉棍 bygun 男、女 25 4500 13500 78 -12 0 0 1
檀紫棍 tzgun 男、女 30 7000 14000 88 -14 0 0 1
紫金棍 zjgun 男、女 35 8500 14500 98 -16 0 0 1
驱魔棍 qmgun 男、女 40 12000 15000 108 -18 0 0 1
噬血棍 dxgun 男、女 45 14000 16000 119 -20 0 0 1
狼牙棍 lyagun 男、女 50 17000 17000 130 -22 0 0 1
皓齿棍 hcgun 男、女 55 19000 18000 141 -24 0 0 1
玄纹棍 xwgun 男、女 60 22000 19000 152 -26 0 0 2
黑虎棍 hhgun 男、女 65 24000 20000 162 -28 0 0 1
玄金棍 xjgun 男、女 70 27000 21000 176 -30 0 0 1
青纹棍 lwgun 男、女 80 32000 22000 186 -34 0 0 1
伏魔棍 fmgun 男、女 90 37000 23000 216 -38 0 0 2
冥光引魂棍 mgyhgun 男、女 100 42000 24000 238 -42 0 0 1
震天棍 ztgun 男、女 110 47000 25000 258 -46 0 0 1
盘龙棍 plgun 男、女 120 52000 26000 280 -50 0 0 1
