长木剑 cmj 男、女 0 100 4500 6 3 0 2 1
木剑 mj 男、女 0 450 6000 14 4 0 3 1
追风剑 zfj 男、女 10 900 9000 32 5 10 4 1
长风剑 cfj 男、女 15 1200 10000 42 6 25 5 1
清风剑 qfj 男、女 20 3000 12500 52 7 40 6 1
寒青剑 hqj 男、女 25 4500 13000 62 8 55 7 1
金剑 jsword 男、女 30 7000 13500 72 9 70 8 1
游龙剑 ylj 男、女 35 8500 14000 82 10 85 9 1
迎风斩 yfz 男、女 40 12000 14500 92 11 100 10 1
绝情刃 jqr 男、女 45 14000 15500 101 12 115 11 1
墨玉剑 myj 男、女 50 17000 16500 110 13 130 12 1
玄冥剑 xmj 男、女 55 19000 17500 121 14 145 13 1
龙齿锏 lcj 男、女 60 22000 18500 131 15 160 14 1
青虹剑 qhj 男、女 65 24000 19500 141 16 175 15 1
太极剑 jj 男、女 70 27000 20500 150 17 190 16 1
干将 gj 男、女 80 32000 21500 170 20 205 18 1
霸者之刃 bzzr 男、女 90 37000 22500 190 23 220 20 1
长空浩月 ckhy 男、女 100 42000 23500 210 26 250 22 1
冥光嗜魂 mgsh 男、女 110 47000 24500 230 29 280 24 1
弑神 sshen 男、女 120 52000 25500 250 33 310 26 1
翠木剑 cmjan 男、女 10 1500 4500 20 0 40 0 1
风木剑 fmj 男、女 15 3000 4750 30 0 55 0 1
桃木剑 tmj 男、女 20 6000 5000 40 0 70 0 1
檀木剑 tmjian 男、女 25 9000 5250 50 0 85 0 1
玄黄剑 xhj 男、女 30 12000 5500 60 0 100 0 1
金乾剑 jqj 男、女 35 15000 5750 70 0 115 0 1
赤阳剑 cyj 男、女 40 18000 6000 80 0 130 0 1
破魂剑 phj 男、女 45 21000 6250 90 0 145 0 1
暗青剑 aqj 男、女 50 24000 6500 100 0 160 0 1
天雷剑 tlj 男、女 55 27000 6750 110 0 175 0 1
真武剑 wsword 男、女 60 30000 7000 120 0 190 0 1
玄武剑 xwj 男、女 65 33000 7250 130 0 205 0 1
紫阳剑 zyj 男、女 70 36000 7500 140 0 220 0 1
辟邪剑 xsword 男、女 80 42000 8000 160 0 250 0 1
斩妖剑 zysword 男、女 90 48000 8500 180 0 280 0 1
诛仙 zxian 男、女 100 54000 9000 200 0 310 0 1
嗜魂 shun 男、女 110 60000 9500 220 0 340 0 1
凌云 lyun 男、女 120 66000 10000 240 0 370 0 1
水木剑 smj 男、女 10 1500 4500 20 0 45 0 1
火木剑 hmj 男、女 15 3000 4750 30 0 60 0 1
灵木剑 lmj 男、女 20 6000 5000 40 0 75 0 1
华木剑 hmsword 男、女 25 9000 5250 50 0 90 0 1
冥黄剑 mhj 男、女 30 12000 5500 60 0 105 0 1
暗金剑 ajsword 男、女 35 15000 5750 70 0 120 0 1
朝阳剑 zyangj 男、女 40 18000 6000 80 0 135 0 1
烈炎剑 lyj 男、女 45 21000 6250 90 0 150 0 1
慑魂剑 shsword 男、女 50 24000 6500 100 0 165 0 1
暗玉剑 ayj 男、女 55 27000 6750 110 0 180 0 1
玄魂剑 xhsword 男、女 60 30000 7000 120 0 195 0 1
无极剑 wjsword 男、女 65 33000 7250 130 0 210 0 1
紫魂剑 zhj 男、女 70 36000 7500 140 0 225 0 1
玄冥锏 xtj 男、女 80 42000 8000 160 0 255 0 1
玄青剑 xqj 男、女 90 48000 8500 180 0 285 0 1
血饮 xysword 男、女 100 54000 9000 200 0 315 0 1
幽魂 yhsword 男、女 110 60000 9500 220 0 345 0 1
青天 qtsword 男、女 120 66000 10000 240 0 375 0 1
云木剑 ymj 男、女 10 1500 4500 25 0 45 0 1
雨木剑 ymsword 男、女 15 3000 4750 35 0 60 0 1
玄木剑 xmsword 男、女 20 6000 5000 45 0 75 0 1
冥木剑 mmj 男、女 25 9000 5250 55 0 90 0 1
赤黄剑 chj 男、女 30 12000 5500 65 0 105 0 1
鸣金剑 mjsword 男、女 35 15000 5750 75 0 120 0 1
赤胆剑 cdj 男、女 40 18000 6000 85 0 135 0 1
赤炎剑 cysword 男、女 45 21000 6250 95 0 150 0 1
寒青剑 hqsword 男、女 50 24000 6500 105 0 165 0 1
钨钢剑 wgj 男、女 55 27000 6750 115 0 180 0 1
阴阳剑 yysword 男、女 60 30000 7000 125 0 195 0 1
御风剑 yfsword 男、女 65 33000 7250 135 0 210 0 1
紫霞剑 zxsword 男、女 70 36000 7500 145 0 225 0 1
赤金锏 cjj 男、女 80 42000 8000 165 0 255 0 1
玉纹剑 ywj 男、女 90 48000 8500 185 0 285 0 1
血阳 xyangj 男、女 100 54000 9000 205 0 315 0 1
长空 ckj 男、女 110 60000 9500 225 0 345 0 1
玉风 yfeng 男、女 120 66000 10000 245 0 375 0 1