名称      悟性 容貌 灵性 定力 机敏 根骨 福缘 食物 饮水 含量
百合       1    1    2              2         25        2
金丝茶馓   2    2                             30        1
葛藤粉     1    1    1         1    1         15        1
荠菜包子        *                             30        1
金华火腿                       -1   1         80        15
鸡汤蒲菜   1    2                             30        8
糯米烧卖   1    1                             40        1
平桥豆腐   2    1                             30        8
三丁包子        1                             30        1
翡翠烧卖        3                             40        1
水晶包子   1    2                             30        2
笋肉包子   2                                  30        1
小菜包子   1                                  30        1
蟹黄包子   2    1                             30        1
芝麻包子   1    1                             30        1
板栗                                1         23   1    8
香蕉       1    1    1                        15   4    4
菠萝            1                   1         23   70   5
         讨论区 [Mud]
佛手            2                             15   25   2
甘蔗            1                   1              10   15
哈密瓜     1                        1         30   70   3
核桃       2         2                        23   1    8
橘子       1    1                             5    25   3
莱阳梨     2    2                   -1        15   25   2
柠檬       1    1    1                        10   40   2
荔枝       1    1    1                        10   40   5
芒果            1    1              1         15   5    5
枇杷       1    1    1              1         12   24   4
葡萄       1    1                                  20   5
石榴            1         1                   5    25   5
柿子            1                             15   15   2
桃子       1    1                             10   30   2
香瓜            1                   1         6    24   3
西瓜            1    1                        13   27   2
鸭梨       1    1                             15   25   2
樱桃            1                             10   10   5
片仔黄                                   *    30        1
注:
1、*处为100*（random(3)-1）在unix系统下多为非正数。
2、上面的数字代表每吃一口所加的积累。每项天赋的积累到1000就有概率加一，到200
吃一口所加的积累。每项天赋的积累到1000就有概率加一，到200
0则必加。
   具体的数学表达式是if (temp >= 1000  && random( 2000 - temp ) == 0)就加一
3、灵芝有三十分之一的概率加两点内力，每次减150秒的年龄。
4、以上数据来自mini_xo，如果和实际有任何出入，本人概不负责。
